1
2
3
6
8
10
11
14
15
16
19
19
20
22
22
22
23
23
27
28
29
29
30
33
33
35
35
35
36
36
36
36
36
39
40
40
40
42
42
42
45
45
47
47
47
47
48
49
52
52
52
53
54
55
55
57
58
61
61
61
61
63
63
64
65
65
66
66
66
67
67
68
69
71
71
72
73
74
75
75
75
75
76
81
82
83
85
85
86
88
88
89
89
90
92
93
93
94
94
96
97
97
99
99
101
102
103
104
105
105
106
107
109
110
111
111
111
112
112
113
113
114
115
117
118
118
122
124
124
126
127
128
128
131
134
134
135
135
135
136
139
139
141
142
143
144
145
146
146
147
148
148
150
150
152
153
153
153
153
154
154
155
157
158
159
159
160
160
161
162
163
164
170
173
175
177
178
179
180
181
182
183
183
186
186
187
187
188
190
190
191
192
193
196
196
197
198
198
200
204
206
206
206
206
207
207
211
212
214
214
216
216
217
218
218
218
219
221
222
222
224
225
226
226
228
228
228
229
229
234
234
234
235
236
236
237
238
238
239
240
240
242
243
243
243
245
246
246
249
249
250
250
251
251
254
254
255
258
258
259
260
261
262
262
269
270
272
273
273
274
275
276
277
277
278
278
278
282
282
282
283
283
284
285
285
285
286
286
286
286
286
289
290
290
290
291
292
293
295
295
296
299
299
300
302
303
304
305
309
312
314
314
314
316
317
320
322
323
324
325
325
327
327
328
329
329
331
334
336
337
338
340
341
341
341
341
346
347
347
348
351
351
352
353
354
356
357
357
358
358
359
360
360
361
361
361
362
363
364
365
365
366
366
366
366
367
370
370
372
372
372
372
373
373
374
375
375
376
378
379
380
381
383
383
384
384
385
386
387
388
389
389
389
390
391
392
392
393
394
394
395
395
395
397
397
398
398
399
399
400
402
403
404
405
405
407
408
408
410
410
411
411
415
415
416
419
420
420
420
422
424
424
430
433
434
434
434
435
435
436
436
437
437
440
441
441
443
447
448
448
449
449
450
451
453
453
455
455
455
455
456
456
460
461
463
463
464
465
466
466
467
467
467
468
468
469
470
470
471
471
471
471
471
473
474
474
475
475
479
479
482
483
484
486
487
487
488
488
492
493
494
496
496
496
499
499
499
501
501
504
505
505
508
509
509
510
510
510
511
511
512
515
515
519
519
519
519
519
520
520
523
523
525
526
527
528
528
528
532
534
534
534
535
536
536
537
537
538
539
540
542
545
549
550
550
551
551
553
554
555
555
556
557
558
560
562
562
562
564
564
566
568
568
569
569
569
570
573
574
576
576
576
576
578
579
579
580
581
581
581
584
584
585
585
586
587
588
589
589
590
590
592
592
593
596
596
597
597
599
602
603
604
604
605
605
605
606
606
607
608
608
608
609
610
611
612
613
614
614
614
615
615
616
618
618
619
620
623
623
624
625
628
629
630
630
631
631
631
632
633
633
633
634
634
636
637
639
640
644
645
645
646
648
649
649
650
650
652
654
657
658
659
661
661
662
665
665
667
669
672
674
676
677
677
679
680
682
682
684
686
686
687
687
687
688
690
692
692
693
693
693
693
694
694
694
698
699
699
699
700
700
701
701
703
708
709
709
709
710
710
710
712
714
714
715
715
716
717
717
718
720
720
721
722
723
726
726
727
727
729
729
733
734
735
736
738
743
743
744
746
747
750
750
751
752
753
753
754
755
758
758
759
759
759
760
760
760
760
762
763
764
764
769
769
769
769
770
770
771
771
772
772
773
773
776
777
777
777
779
779
781
782
785
785
788
788
789
791
792
793
793
793
794
795
796
798
799
800
803
804
805
806
814
814
814
816
817
817
818
818
820
822
822
825
826
827
827
830
830
831
832
832
833
833
836
837
838
839
840
841
841
844
845
847
849
850
851
851
853
853
855
857
858
860
860
861
862
864
864
865
866
866
867
868
870
870
872
872
872
876
877
877
877
879
879
881
881
882
883
884
884
885
886
887
887
887
887
888
889
889
890
890
891
892
892
892
893
896
897
898
901
901
901
901
901
902
903
903
905
905
906
907
908
908
908
908
909
911
912
914
917
917
920
920
920
923
924
926
926
926
927
927
928
929
929
930
931
932
932
932
932
933
934
935
935
937
937
938
939
939
943
945
946
947
950
951
952
952
952
955
955
962
963
964
965
967
967
968
969
973
973
976
977
977
977
978
979
979
979
980
980
981
981
981
983
984
988
988
990
990
992
993
993
993
994
995
996
996
998
999
